7
9
9
10
10
11
12
12
12
12
13
13
14
15
16
18
20
20
21
22
22
24
25
25
28
29
30
31
36
37
37
38
39
46
48
49
52
53
54
54
57
61
63
63
68
70
80
86
88
88
90
95
96
98
100
102
105
105
107
108
109
109
110
113
114
114
114
116
116
118
120
121
122
124
125
126
128
130
131
133
136
140
143
145
147
149
149
150
151
152
153
154
154
156
156
161
161
162
163
163
173
176
178
180
182
183
183
184
184
185
186
188
190
191
193
195
198
201
201
202
204
205
209
211
211
212
212
217
217
219
222
224
225
226
227
228
228
229
229
230
231
232
235
236
240
240
241
243
245
246
246
247
247
247
248
249
249
250
254
254
255
257
259
261
262
266
267
268
268
271
273
277
279
286
286
291
293
297
298
299
299
364
370
370
407
407
410
413
427
427
430
432
441
